parallel_2
Computational time: 0.00140255s
Matrix A:
    6.87098    7.91383    9.83752    4.96356    5.76388    1.62889    2.80287    3.97162    1.23772    4.97478    6.37802    8.26397    1.37303    7.92433    6.67351
    5.41881    1.42748     2.2415    2.72225    2.21133    1.65333    8.02225    7.66322    7.90499    6.50447    8.16059    4.46981    7.87412    8.00316    6.36712
    6.59546    7.41978    6.24932    3.98501    9.26906    5.29915    9.75001     2.5747    9.99202    9.43648    4.44381    2.15721    5.48562     8.9292    4.09468
    1.27759    2.15498    3.56923    5.95287    4.16333    2.49918    3.84739    9.33943    7.84525    5.66581     6.6554    6.57194    8.14394    6.60463    6.00138
    2.81465    5.39446    2.66593    2.82572    9.98709    6.90681    6.30942    7.60182    4.23988    4.30535     9.2351    2.03365     8.2317     4.5604    8.09472
    3.87787    6.50627    7.41534    8.43709    9.12086    1.53149    8.15984    4.08073    8.94261    2.56437     7.1646    5.11877    2.28465    7.44043    5.75973
    8.71469    4.87889    6.93153    5.78014    4.87638    7.04645    1.81154    2.97154    2.29572    4.41397    5.11163    9.79243    7.19913    1.36725    5.48523
    3.28954      2.403    4.94826    2.85778       2.27    8.50414    8.86488    7.03433     8.7685    6.43741    6.76847    9.38093    9.47715    3.40587     8.6545
    5.06634    8.31446    1.56978    9.70004    3.32936    4.08766    9.46902    4.65333    5.10568    4.28845      5.111    7.38316    4.79711    4.37222    3.48715
    3.33589    5.99777    6.90283    1.10142    4.67735    4.25098    3.55875    5.10225    5.87874    7.32719      2.108    7.39711    3.18276    1.99633    3.49686
     7.1834    8.92506    1.63459    4.50316    2.06174    3.08197    5.90928     9.5729    5.50457    7.75447    6.10723    7.72454     6.7153    6.13116    6.13414
    4.36585    6.42007    3.35771    8.82805    7.70977    9.27694    7.23675    2.48943     9.8698    1.73706    2.84263    5.54588    8.50334    1.09963    3.72891
    5.38217    3.69766     8.3738    3.49176    3.45597    4.59082    9.81614    5.99594     7.9096     1.6938    7.70432    4.11625    5.47113    9.74725    8.37383
    7.86397    2.74203    8.91871    6.79107    7.47362    1.19554    2.35108    8.85656    2.29121    6.92939     9.8289    6.21796    4.98866    8.26897    3.37656
     2.2653    9.21226    7.60462    9.52017    4.07497    4.59532    9.26354     3.3169    9.54071    3.57882    5.61363    5.74057    6.67642      8.385     6.1971

Lower matrix:
          1          0          0          0          0          0          0          0          0          0          0          0          0          0          0
   0.788652          1          0          0          0          0          0          0          0          0          0          0          0          0          0
     0.9599     5.1978          1          0          0          0          0          0          0          0          0          0          0          0          0
    0.18594    1.50963   0.571138          1          0          0          0          0          0          0          0          0          0          0          0
   0.409643      3.779   0.426596   0.474683          1          0          0          0          0          0          0          0          0          0          0
   0.564384    4.55786    1.18658    1.41731   0.913266          1          0          0          0          0          0          0          0          0          0
    1.26833    3.41782    1.10917   0.970984   0.488269    4.60104          1          0          0          0          0          0          0          0          0
   0.478759    1.68338   0.791808   0.480068   0.227294    5.55285    4.89356          1          0          0          0          0          0          0          0
   0.737353    5.82455   0.251193    1.62947   0.333366    2.66907    5.22705   0.661518          1          0          0          0          0          0          0
   0.485505    4.20164    1.10457   0.185024    0.46834    2.77571    1.96449   0.725336    1.15141          1          0          0          0          0          0
    1.04547     6.2523   0.261563   0.756469   0.206441     2.0124    3.26202    1.36088    1.07813    1.05831          1          0          0          0          0
   0.635404    4.49747   0.537292    1.48299   0.771974    6.05746    3.99481   0.353897     1.9331   0.237071   0.465453          1          0          0          0
   0.783318    2.59033    1.33995   0.586568   0.346044    2.99762    5.41867   0.852383    1.54918   0.231167    1.26151   0.742218          1          0          0
    1.14452    1.92089    1.42715    1.14081   0.748328   0.780635    1.29784    1.25905   0.448757   0.945708    1.60939    1.12119   0.911815          1          0
    0.32969    6.45349    1.21687    1.59926   0.408024    3.00055    5.11363    0.47153    1.86865    0.48843   0.919177    1.03511     1.2203    1.01403          1

Upper matrix:
    6.87098    7.91383    9.83752    4.96356    5.76388    1.62889    2.80287    3.97162    1.23772    4.97478    6.37802    8.26397    1.37303    7.92433    6.67351
          0    1.42748     2.2415    2.72225    2.21133    1.65333    8.02225    7.66322    7.90499    6.50447    8.16059    4.46981    7.87412    8.00316    6.36712
          0          0    6.24932    3.98501    9.26906    5.29915    9.75001     2.5747    9.99202    9.43648    4.44381    2.15721    5.48562     8.9292    4.09468
          0          0          0    5.95287    4.16333    2.49918    3.84739    9.33943    7.84525    5.66581     6.6554    6.57194    8.14394    6.60463    6.00138
          0          0          0          0    9.98709    6.90681    6.30942    7.60182    4.23988    4.30535     9.2351    2.03365     8.2317     4.5604    8.09472
          0          0          0          0          0    1.53149    8.15984    4.08073    8.94261    2.56437     7.1646    5.11877    2.28465    7.44043    5.75973
          0          0          0          0          0          0    1.81154    2.97154    2.29572    4.41397    5.11163    9.79243    7.19913    1.36725    5.48523
          0          0          0          0          0          0          0    7.03433     8.7685    6.43741    6.76847    9.38093    9.47715    3.40587     8.6545
          0          0          0          0          0          0          0          0    5.10568    4.28845      5.111    7.38316    4.79711    4.37222    3.48715
          0          0          0          0          0          0          0          0          0    7.32719      2.108    7.39711    3.18276    1.99633    3.49686
          0          0          0          0          0          0          0          0          0          0    6.10723    7.72454     6.7153    6.13116    6.13414
          0          0          0          0          0          0          0          0          0          0          0    5.54588    8.50334    1.09963    3.72891
          0          0          0          0          0          0          0          0          0          0          0          0    5.47113    9.74725    8.37383
          0          0          0          0          0          0          0          0          0          0          0          0          0    8.26897    3.37656
          0          0          0          0          0          0          0          0          0          0          0          0          0          0     6.1971

